ror sd 0.996  win sd 0.498
                                    rho_IS  rho_OOT   t_IS  t_OOT                          q5_IS                         q5_OOT
score       form           target                                                                                              
GROUND      global         ror      -0.016   -0.002   2.93   1.68    6.5   6.3   7.1   8.4  14.6   -2.0   9.6  -3.9   8.2   9.3
                           win       0.027    0.021   3.20   1.31   44.3  45.9  46.1  47.1  48.6   39.5  46.0  41.8  46.2  43.6
                           notloss   0.073    0.095   8.01   4.59   54.0  58.1  62.3  62.1  64.6   47.6  55.0  54.9  60.5  62.2
            within-day pct ror      -0.012    0.009   2.43   1.42    6.2   6.1   8.7   9.0  12.8    0.9   1.9   2.4   5.4  10.5
                           win       0.022    0.030   2.74   1.24   44.2  45.8  47.2  46.9  47.9   40.5  42.9  44.1  45.2  44.5
                           notloss   0.059    0.089   6.40   3.86   55.2  58.5  61.2  62.4  63.7   49.5  54.4  54.5  60.0  61.8
G           global         ror      -0.013   -0.003   2.84   1.19    6.9   4.9   8.2   8.0  14.8    2.1   6.6  -3.8   5.9  10.3
                           win       0.026    0.019   2.82   0.72   44.5  45.1  46.7  47.2  48.3   41.8  44.4  42.0  45.0  44.1
                           notloss   0.065    0.088   7.24   3.92   54.0  58.2  63.5  61.7  63.6   48.9  54.4  56.4  59.2  61.4
            within-day pct ror      -0.008    0.009   2.19   1.12    6.4   5.1  10.4   8.7  12.4    1.0   4.8  -2.4   9.2   8.6
                           win       0.020    0.027   2.14   1.11   44.5  45.1  47.9  47.1  47.4   40.7  43.9  42.4  45.8  44.3
                           notloss   0.053    0.083   5.69   3.39   55.0  58.7  62.7  62.0  62.6   49.3  56.3  52.6  61.9  60.1
D_ent       global         ror       0.075    0.037   0.44   0.66    8.8   6.0  10.4   7.8   9.9    3.4   5.3   4.8  -0.2   7.8
                           win       0.007    0.002   0.70   1.37   46.3  45.8  47.0  45.6  47.2   41.1  46.2  43.2  41.0  45.5
                           notloss  -0.133   -0.148 -15.52  -6.09   71.8  62.0  59.5  55.7  51.9   68.5  58.2  55.7  48.3  49.5
            within-day pct ror       0.058    0.016   0.40  -0.84    9.5   9.4   7.1   6.4  10.6    7.2   6.6   0.2   5.5   1.6
                           win      -0.000   -0.010   0.68  -0.33   46.3  47.2  46.0  45.2  47.2   44.1  45.2  41.1  43.7  43.0
                           notloss  -0.116   -0.137 -12.05  -6.05   69.2  63.6  59.1  55.5  53.6   66.6  60.9  54.3  50.8  47.6
G_mkt       global         ror       0.028    0.125   1.64   2.99   10.4   7.9   6.3   8.5  16.1   -8.0   1.6   0.9  24.9  15.8
                           win      -0.019    0.045  -1.89   1.13   48.0  45.0  43.7  44.1  44.9   39.3  42.4  41.7  50.4  43.5
                           notloss   0.056    0.125   4.36   4.00   55.5  54.4  54.6  59.1  62.6   46.8  49.0  52.2  62.6  61.5
            within-day pct ror       0.046    0.091   1.75   1.80    8.1   5.0   9.7  12.2  14.2    2.2  -1.9   3.5  14.8  16.6
                           win      -0.002    0.018  -0.69   0.07   46.1  44.4  44.9  45.3  45.0   43.2  41.3  42.5  46.8  43.5
                           notloss   0.052    0.085   3.09   2.71   55.3  53.1  57.5  59.8  60.4   51.5  48.5  52.5  58.2  61.5
G_mod-G_mkt global         ror      -0.005   -0.033   2.83   0.89    6.6  11.7   7.6   6.7  16.6    8.4   8.2   2.2   0.7  15.6
                           win       0.021    0.012   2.96   0.90   42.6  46.3  44.8  44.5  47.5   42.4  43.2  43.1  42.9  45.7
                           notloss   0.029    0.047   3.83   2.56   54.7  57.8  56.5  56.2  61.0   51.8  54.0  51.9  53.2  61.2
            within-day pct ror      -0.012   -0.017   0.56   0.67    9.2   7.6  10.6  10.6  11.2    3.7   7.8   3.0  11.7   9.1
                           win       0.012    0.030   1.15   1.05   43.8  44.5  46.0  45.7  45.7   40.7  43.5  42.5  46.0  44.6
                           notloss   0.021    0.057   1.73   1.94   55.7  56.1  57.4  58.3  58.6   49.6  54.0  51.7  60.1  56.8
q           global         ror       0.105    0.083   1.35   1.09    7.2  10.7   7.0   7.3  10.7    2.1   2.7   6.1   0.8   9.3
                           win      -0.024    0.002  -1.49   0.39   47.7  49.3  45.0  44.2  45.7   43.4  44.1  43.0  41.8  44.7
                           notloss  -0.133   -0.135 -14.23  -6.23   71.4  63.9  57.6  55.0  53.1   68.9  57.9  55.3  48.5  49.5
            within-day pct ror       0.087    0.043   0.66   0.41    7.3   8.5  10.5   7.6   9.0    3.4   7.1   6.4  -1.9   6.1
                           win      -0.024   -0.026  -2.19  -0.46   48.0  47.6  46.8  44.5  45.0   44.7  45.6  43.2  40.4  43.2
                           notloss  -0.114   -0.147 -11.95  -5.65   68.6  63.5  60.2  55.8  53.0   66.8  61.3  54.7  48.3  49.1
p           global         ror      -0.065   -0.078   1.03  -1.98    6.9  11.0   5.3  10.1   9.6    7.1   3.9   3.2  12.7  -5.9
                           win       0.053    0.028   5.70   0.20   42.8  45.2  44.8  48.7  50.4   41.1  40.8  43.8  49.6  41.8
                           notloss   0.058    0.046   5.98   1.43   56.4  58.7  58.8  62.8  64.3   53.0  54.4  53.0  62.1  57.6
            within-day pct ror      -0.073   -0.052  -0.60  -0.58    9.5  10.1   5.7   9.7   7.9    2.4   6.2   2.3  11.6  -1.4
                           win       0.041    0.045   4.47   1.51   43.6  45.4  44.7  48.6  49.6   39.0  43.1  42.4  48.7  43.8
                           notloss   0.045    0.061   4.54   2.27   57.7  58.4  59.0  62.3  63.6   50.9  55.4  53.7  61.9  58.2
b           global         ror       0.141    0.150   3.62   2.68    3.7  12.5   7.1   6.3  13.3   -3.8   0.6   4.6   5.7  13.9
                           win      -0.042   -0.006  -3.42  -0.20   48.2  49.9  45.8  44.4  43.6   43.6  43.5  44.7  42.3  43.0
                           notloss  -0.130   -0.095 -12.33  -4.51   69.7  65.8  57.6  54.0  53.8   66.0  56.3  53.7  52.5  51.8
            within-day pct ror       0.130    0.103   3.39   1.05    4.3   8.3   9.0   7.9  13.4   -1.1   3.4   5.4   7.4   5.9
                           win      -0.034   -0.035  -2.90  -1.57   48.2  48.1  46.9  44.4  44.3   44.7  45.2  44.5  43.1  39.7
                           notloss  -0.101   -0.108  -9.81  -5.02   67.7  63.6  59.3  55.6  54.9   64.7  58.6  54.3  53.8  48.9
q-q_loss    global         ror       0.057    0.090   0.47   2.58    8.6   8.8   6.1   9.5   9.9   -6.4   6.6   1.6   8.5  10.9
                           win      -0.025    0.021  -2.87   1.63   48.5  47.4  45.4  46.0  44.6   40.1  45.2  43.0  43.5  45.3
                           notloss  -0.045   -0.049  -5.16  -1.82   64.3  61.3  58.7  59.1  57.5   57.8  59.6  54.9  55.9  52.0
            within-day pct ror       0.044    0.053   0.48   0.60    8.7   8.6   8.7   6.9  10.0   -0.1   5.8   3.9   7.6   3.9
                           win      -0.019   -0.007  -1.89  -0.26   47.9  47.1  46.6  44.9  45.4   42.6  45.2  43.4  44.1  41.8
                           notloss  -0.039   -0.067  -3.95  -2.73   62.7  61.9  60.6  58.3  57.5   58.9  59.6  56.6  55.0  50.1
