
=== pool (no thr): n IS 13724, OOT 2393 ===
                      rho_IS rho_OOT t_top_minus_bot_IS t_top_minus_bot_OOT mono_IS mono_OOT                               q5_IS                              q5_OOT
score                                                                                                                                                               
GROUND                 0.006   0.008               2.46                 2.0       0        0     4.3    3.1    5.1    5.4    9.6    -5.1    6.2   -5.0    3.9    5.5
G (EV)                 0.007   0.008               2.14                1.31       0        0     4.4    2.3    6.3    5.5    9.1    -1.2    3.2   -4.6    2.4    5.8
D_ent                  0.029   0.032              -0.78                0.72       0        0     6.7    5.0    5.9    4.9    5.0    -0.9    4.2    2.5   -3.2    2.9
D col                    NaN     NaN                NaN                 NaN       0        0     nan    nan    nan    nan    nan     nan    nan    nan    nan    nan
G_mkt                  0.031   0.119               0.75                2.35       0        0     6.3    3.5    5.0    6.4    8.2    -9.1    0.7   -3.4   21.7    5.4
G_mod - G_mkt          0.004  -0.026               1.89                1.33       0        0     4.3    7.1    3.9    4.8    9.3     2.9    8.5   -3.3   -3.4   10.5
p - q_win             -0.009  -0.055                1.4                -0.9       0        0     4.9    7.2    3.5    4.1    7.9     1.2    4.3    3.7   -0.1   -3.5
q - q_loss             0.027   0.071                0.3                2.04       0        0     5.7    5.4    3.0    7.1    6.3    -5.6    3.6   -3.8    5.6    5.8
p                     -0.026  -0.063               0.96               -1.21       0        0     3.9    7.4    3.0    7.2    6.0     2.8    1.2    1.1    4.0   -3.6
q                      0.043   0.065               0.09                0.23       0        0     5.3    8.0    4.2    4.5    5.5     1.7   -3.0    5.6   -1.8    3.0
ro                     -0.03  -0.036              -0.49               -0.42       0        0     6.0    3.9    6.8    5.9    4.9     2.5   -0.4    1.9    1.3    0.3
KL(P||Q)              -0.011  -0.045              -0.29                -1.2       0        0     6.3    5.3    3.5    6.8    5.6     2.6    4.3   11.5   -8.6   -4.2
KL(Q||P)              -0.011  -0.046              -0.24               -0.98       0        0     6.1    5.7    3.6    6.4    5.6     1.5    5.6   11.5   -9.1   -4.0
H(P)                  -0.028  -0.036              -0.85               -0.53       0        0     6.6    3.6    6.4    6.1    4.8     3.1    1.2   -0.2    1.3    0.2
ln3-H(P)               0.028   0.036               0.85                0.53       0        0     4.8    6.1    6.3    3.6    6.6     0.2    1.3   -0.2    1.2    3.1
linEV_mod              0.002  -0.007               1.58                0.83       0        0     4.6    3.4    4.3    6.5    8.8    -2.4    6.0   -6.3    5.3    2.9
credit/width           0.064   0.129               1.24                2.18       0        1     3.5    9.2    4.7    3.9    6.2    -5.4   -0.8    2.0    3.2    6.6
b                      0.064   0.129               1.24                2.18       0        1     3.5    9.2    4.7    3.9    6.2    -5.4   -0.8    2.0    3.2    6.6
short_delta            0.038   0.057               0.34                0.71       0        0     5.2    4.2    7.2    5.1    5.9     0.2   -4.0    0.8    4.2    4.3
dist                   -0.01   0.008               -1.5                1.12       0        0     8.7    3.9    5.4    4.2    5.4    -4.9    4.4    0.3    4.4    1.4
DTE                      NaN     NaN                NaN                 NaN       0        0     nan    nan    nan    nan    nan     nan    nan    nan    nan    nan
width                  0.024     NaN               3.46                 NaN       0        0     1.9    2.1    7.6    6.1    9.8     nan    nan    nan    nan    nan
entry_price            0.035  -0.017               1.38               -0.41       0        0     2.0    2.6   10.3    7.8    4.8     3.2    3.7   -2.9    0.6    1.0
fit_rmse               0.013   0.017               1.12                0.08       0        0     5.3    6.2    4.8    3.6    7.7    -0.7    2.7   -0.1    3.9   -0.2
cp_iv_gap                0.0   0.029              -0.34                2.14       0        0     6.3    6.6    4.5    4.6    5.6    -1.6    4.9   -6.4   -1.3   10.2
parity_pct            -0.014  -0.035              -0.66               -1.59       0        0     6.6    5.9    5.7    4.3    5.1     8.5   -0.9    1.4   -3.0   -0.4
GROUND k=0             0.007   0.008               2.14                1.31       0        0     4.4    2.3    6.3    5.5    9.1    -1.2    3.2   -4.6    2.4    5.8
GROUND k=8             0.006   0.006                2.5                1.73       0        0     4.1    4.0    4.6    5.2    9.6    -4.2    4.7   -5.8    5.8    5.0
GROUND k=16            0.004     0.0               2.54                0.47       0        0     4.4    4.1    3.8    5.2    9.9    -0.1    0.6   -6.0    8.7    2.4
EV*exp(-4 KL(P||Q))    0.007   0.008               2.14                1.33       0        0     4.5    2.0    6.7    5.2    9.1    -0.7    2.9   -5.3    2.3    6.4
EV*exp(-4 (ln3-H(P)))  0.006   0.009               2.22                1.84       0        0     4.2    3.5    5.3    5.5    9.0    -4.3    4.5   -1.6    1.5    5.5

=== GROUND>=thr: n IS 5619, OOT 981 ===
                      rho_IS rho_OOT t_top_minus_bot_IS t_top_minus_bot_OOT mono_IS mono_OOT                               q5_IS                              q5_OOT
score                                                                                                                                                               
GROUND                 0.026  -0.011               1.47               -0.26       0        0     6.2    5.9    3.5   10.2   10.9     4.2    6.6   12.0   -0.1    2.2
G (EV)                 0.029   0.002               0.97                0.45       0        0     6.9    2.0    9.2    8.7   10.0    -0.7   10.0    8.9    4.1    2.6
D_ent                  0.002   0.049              -1.49                -0.6       0        0     9.2   10.2    7.2    5.7    4.5     7.5   -1.2    2.4   13.2    3.0
D col                    NaN     NaN                NaN                 NaN       0        0     nan    nan    nan    nan    nan     nan    nan    nan    nan    nan
G_mkt                  0.029   0.079               1.63                0.86       0        0     6.0    4.6    8.1    9.0   12.6    -1.3   -2.8   25.8    8.1    5.7
G_mod - G_mkt          0.013  -0.023               0.13               -1.24       0        0     9.2    4.3   10.6    6.4    9.7     8.7    3.5   16.4    8.4   -1.5
p - q_win              0.005  -0.064                0.2               -0.16       0        0     7.8    8.1    4.3    8.1    8.4     3.6   16.3    9.7   -7.4    2.5
q - q_loss             0.019   0.072               0.86                1.59       0        0     7.8    6.4    7.4    4.8   10.4    -1.2   -5.9   12.7    9.0   10.3
p                      -0.01  -0.084               0.07               -1.82       0        0     7.9    4.3    8.1    8.3    8.1     3.0   11.9   14.9    5.2  -10.2
q                      0.025   0.094               -1.3                1.34       0        0     7.0   10.4    9.5    7.2    2.8     3.4    4.0   -1.2    4.8   13.9
ro                    -0.012  -0.033               0.74                 0.1       0        0     5.9    3.7    9.8    9.3    8.1     6.6   10.7   -2.7    2.9    7.4
KL(P||Q)               -0.01  -0.057              -0.26               -0.75       0        0     9.3    4.7    6.2    8.0    8.5    10.5   10.2    4.0   -4.9    5.0
KL(Q||P)              -0.011  -0.059              -0.12               -0.78       0        0     9.2    5.2    6.1    7.5    8.8     9.2   10.6    6.3   -4.8    3.5
H(P)                  -0.001  -0.009               0.72                0.49       0        0     4.7    5.3    8.7   11.0    7.0     6.2   11.6   -6.6    3.6   10.0
ln3-H(P)               0.001   0.009              -0.82               -0.43       0        0     7.1   10.9    8.7    5.6    4.5    10.1    3.5   -6.4   10.8    6.8
linEV_mod              0.055  -0.007               3.32               -0.43       0        0     2.2    7.0   10.9    3.4   13.2     5.8   13.0   -1.0    4.4    2.6
credit/width           0.042   0.107              -0.42                0.73       0        0     6.4   11.1    8.1    6.1    5.1    -0.6    2.8    4.4   13.2    5.1
b                      0.042   0.107              -0.42                0.73       0        0     6.4   11.1    8.1    6.1    5.1    -0.6    2.8    4.4   13.2    5.1
short_delta            0.032   0.045                0.3               -0.32       0        0     6.8    5.3   10.8    6.1    7.8     7.6   -0.5    6.6    6.1    5.0
dist                  -0.017  -0.022              -0.99               -0.31       0        0    10.9    6.5    4.7    6.9    7.7     4.9   10.3   -9.0   16.2    2.4
DTE                      NaN     NaN                NaN                 NaN       0        0     nan    nan    nan    nan    nan     nan    nan    nan    nan    nan
width                   0.06     NaN               3.16                 NaN       0        0     2.9    4.9   10.1    5.0   14.0     nan    nan    nan    nan    nan
entry_price            0.058   0.048               0.79                1.19       0        0     2.4    5.2   14.3   10.1    4.8     5.2   -0.4    4.4    0.7   15.0
fit_rmse               0.012   0.037               0.82                0.33       0        0     8.0    6.1    6.6    5.4   10.7     2.4    1.0    6.6    9.9    4.9
cp_iv_gap              0.012    0.03               0.58                0.29       0        0     7.7   10.1    3.1    6.0    9.6     4.1    1.6    2.2   11.0    6.4
parity_pct            -0.024  -0.022              -1.22               -0.64      -1        0     9.5    7.6    7.5    6.9    5.4     8.9    0.1    8.8    3.1    3.9
GROUND k=0             0.029   0.002               0.97                0.45       0        0     6.9    2.0    9.2    8.7   10.0    -0.7   10.0    8.9    4.1    2.6
GROUND k=8             0.024  -0.023               1.93                0.23       0        0     5.8    6.7    3.6    8.6   12.0     1.7    9.9   13.4   -3.6    3.5
GROUND k=16            0.021  -0.042               2.41               -0.57       0        0     4.5    3.5    7.9    8.6   12.2     6.4    8.8    6.3    1.6    1.8
EV*exp(-4 KL(P||Q))     0.03   0.003               1.22                0.15       0        0     6.9    3.4    8.0    7.7   10.7     0.2    8.2    9.2    6.1    1.3
EV*exp(-4 (ln3-H(P)))  0.027  -0.006               0.66               -0.61       0        0     7.2    5.1    4.0   11.3    9.3     7.8    3.2    7.4    3.2    3.2
